10
4294967295         10         80 4294967295 4294967295 4294967295 4294967295 4294967295 4294967295 4294967295
        10 4294967295         60         50 4294967295 4294967295 4294967295 4294967295 4294967295 4294967295
        80         60 4294967295 4294967295 4294967295         10 4294967295 4294967295 4294967295 4294967295
4294967295         50 4294967295 4294967295          5 4294967295 4294967295 4294967295 4294967295 4294967295
4294967295 4294967295 4294967295          5 4294967295         60        35  4294967295 4294967295 10
4294967295 4294967295         10 4294967295         60 4294967295 4294967295 4294967295 4294967295 4294967295
4294967295 4294967295 4294967295 4294967295         35 4294967295 4294967295         80 4294967295 4294967295
4294967295 4294967295 4294967295 4294967295 4294967295 4294967295         80 4294967295         15         30
4294967295 4294967295 4294967295 4294967295 4294967295 4294967295 4294967295         15 4294967295         60
4294967295 4294967295 4294967295 4294967295         10 4294967295 4294967295         30         60 4294967295