10
4294967295         20          5 4294967295 4294967295 4294967295 4294967295 4294967295 4294967295 4294967295
        20 4294967295         20         35 4294967295 4294967295 4294967295 4294967295 4294967295 4294967295
         5         20 4294967295 4294967295 4294967295         20 4294967295 4294967295 4294967295 4294967295
4294967295         35 4294967295 4294967295         45 4294967295 4294967295 4294967295 4294967295 4294967295
4294967295 4294967295 4294967295         45 4294967295         20         50 4294967295 4294967295 50
4294967295 4294967295         20 4294967295         20 4294967295 4294967295 4294967295 4294967295 4294967295
4294967295 4294967295 4294967295 4294967295         50 4294967295 4294967295         30 4294967295 4294967295
4294967295 4294967295 4294967295 4294967295 4294967295 4294967295         30 4294967295         20         30
4294967295 4294967295 4294967295 4294967295 4294967295 4294967295 4294967295         20 4294967295         60
4294967295 4294967295 4294967295 4294967295         50 4294967295 4294967295         30         60 4294967295