10
4294967295         40         40 4294967295 4294967295 4294967295 4294967295 4294967295 4294967295 4294967295
        40 4294967295         20         10 4294967295 4294967295 4294967295 4294967295 4294967295 4294967295
        40         20 4294967295 4294967295 4294967295         10 4294967295 4294967295 4294967295 4294967295
4294967295         10 4294967295 4294967295         40 4294967295 4294967295 4294967295 4294967295 4294967295
4294967295 4294967295 4294967295         40 4294967295         20         70 4294967295 4294967295 20
4294967295 4294967295         10 4294967295         20 4294967295 4294967295 4294967295 4294967295 4294967295
4294967295 4294967295 4294967295 4294967295         70 4294967295 4294967295         30 4294967295 4294967295
4294967295 4294967295 4294967295 4294967295 4294967295 4294967295         30 4294967295         20         30
4294967295 4294967295 4294967295 4294967295 4294967295 4294967295 4294967295         20 4294967295         40
4294967295 4294967295 4294967295 4294967295         20 4294967295 4294967295         30         40 4294967295