10
4294967295         24         21         20 4294967295 4294967295 4294967295 4294967295 4294967295 4294967295
        24 4294967295 4294967295         29         40 4294967295 4294967295 4294967295 4294967295 4294967295
        21 4294967295 4294967295         13 4294967295          7         17 4294967295 4294967295 4294967295
        20         29         13 4294967295         32         10         13         35 4294967295 4294967295
4294967295         40 4294967295         32 4294967295 4294967295         42          3 4294967295 4294967295
4294967295 4294967295          7         10 4294967295 4294967295         15 4294967295         27 4294967295
4294967295 4294967295         17         13         42         15 4294967295         25         31 4294967295
4294967295 4294967295 4294967295         35          3 4294967295         25 4294967295 4294967295         10
4294967295 4294967295 4294967295 4294967295 4294967295         27         31 4294967295 4294967295          5
4294967295 4294967295 4294967295 4294967295 4294967295 4294967295 4294967295         10          5 4294967295
